{
  "nbformat": 4,
  "nbformat_minor": 0,
  "metadata": {
    "colab": {
      "provenance": [],
      "authorship_tag": "ABX9TyPlqiwdNK3SYEzeyZ+ZsoU1",
      "include_colab_link": true
    },
    "kernelspec": {
      "name": "python3",
      "display_name": "Python 3"
    },
    "language_info": {
      "name": "python"
    }
  },
  "cells": [
    {
      "cell_type": "markdown",
      "metadata": {
        "id": "view-in-github",
        "colab_type": "text"
      },
      "source": [
        "<a href=\"https://colab.research.google.com/github/alejandrosantanabonilla/dimer_search/blob/main/ColabTutorialWater.ipynb\" target=\"_parent\"><img src=\"https://colab.research.google.com/assets/colab-badge.svg\" alt=\"Open In Colab\"/></a>"
      ]
    },
    {
      "cell_type": "code",
      "source": [
        "# Install condacolab\n",
        "!pip install -q condacolab\n",
        "import condacolab\n",
        "condacolab.install()"
      ],
      "metadata": {
        "colab": {
          "base_uri": "https://localhost:8080/"
        },
        "id": "FsxmmQ18ADvU",
        "outputId": "3b0030b4-7c2b-499c-aa0e-b4ac2049faa0"
      },
      "execution_count": 5,
      "outputs": [
        {
          "output_type": "stream",
          "name": "stdout",
          "text": [
            "⏬ Downloading https://github.com/jaimergp/miniforge/releases/download/24.11.2-1_colab/Miniforge3-colab-24.11.2-1_colab-Linux-x86_64.sh...\n",
            "📦 Installing...\n",
            "📌 Adjusting configuration...\n",
            "🩹 Patching environment...\n",
            "⏲ Done in 0:00:15\n",
            "🔁 Restarting kernel...\n"
          ]
        }
      ]
    },
    {
      "cell_type": "code",
      "source": [
        "import condacolab\n",
        "condacolab.check()\n",
        "\n",
        "# --- THE FIX ---\n",
        "# Remove the file that forces a specific Python version\n",
        "!rm -f /usr/local/conda-meta/pinned\n",
        "\n",
        "# Now install tblite (and force python 3.11 just to be safe)\n",
        "print(\"Installing tblite...\")\n",
        "!mamba install -c conda-forge tblite tblite-python python=3.11 -y\n",
        "\n",
        "# Verify it works now\n",
        "!tblite --version"
      ],
      "metadata": {
        "colab": {
          "base_uri": "https://localhost:8080/"
        },
        "id": "87InShTwBFq2",
        "outputId": "93b5d6e8-a2b5-41a2-b0ba-e0f715cc97df"
      },
      "execution_count": 2,
      "outputs": [
        {
          "output_type": "stream",
          "name": "stdout",
          "text": [
            "✨🍰✨ Everything looks OK!\n",
            "Installing tblite...\n",
            "\n",
            "Looking for: ['tblite', 'tblite-python', 'python=3.11']\n",
            "\n",
            "conda-forge/linux-64                                        Using cache\n",
            "conda-forge/noarch                                          Using cache\n",
            "Transaction\n",
            "\n",
            "  Prefix: /usr/local\n",
            "\n",
            "  Updating specs:\n",
            "\n",
            "   - tblite\n",
            "   - tblite-python\n",
            "   - python=3.11\n",
            "   - ca-certificates\n",
            "   - certifi\n",
            "   - openssl\n",
            "\n",
            "\n",
            "  Package               Version  Build                Channel           Size\n",
            "──────────────────────────────────────────────────────────────────────────────\n",
            "  Install:\n",
            "──────────────────────────────────────────────────────────────────────────────\n",
            "\n",
            "  \u001b[32m+ libgfortran5   \u001b[0m      15.2.0  h68bc16d_16          conda-forge        2MB\n",
            "  \u001b[32m+ libgfortran    \u001b[0m      15.2.0  h69a702a_16          conda-forge       27kB\n",
            "  \u001b[32m+ libopenblas    \u001b[0m      0.3.30  pthreads_h94d23a6_4  conda-forge        6MB\n",
            "  \u001b[32m+ toml-f         \u001b[0m       0.4.3  hb1d0f04_0           conda-forge      452kB\n",
            "  \u001b[32m+ libblas        \u001b[0m      3.11.0  5_h4a7cf45_openblas  conda-forge       18kB\n",
            "  \u001b[32m+ jonquil        \u001b[0m       0.3.0  hb1d0f04_2           conda-forge      109kB\n",
            "  \u001b[32m+ libcblas       \u001b[0m      3.11.0  5_h0358290_openblas  conda-forge       18kB\n",
            "  \u001b[32m+ liblapack      \u001b[0m      3.11.0  5_h47877c9_openblas  conda-forge       18kB\n",
            "  \u001b[32m+ mctc-lib       \u001b[0m       0.4.2  h3b12eaf_0           conda-forge      789kB\n",
            "  \u001b[32m+ numpy          \u001b[0m       2.3.5  py311h2e04523_0      conda-forge        9MB\n",
            "  \u001b[32m+ multicharge    \u001b[0m       0.3.0  hd37a5e2_2           conda-forge      241kB\n",
            "  \u001b[32m+ simple-dftd3   \u001b[0m       1.2.1  h3b12eaf_1           conda-forge      865kB\n",
            "  \u001b[32m+ dftd4          \u001b[0m       3.7.0  hd37a5e2_4           conda-forge      591kB\n",
            "  \u001b[32m+ tblite         \u001b[0m       0.5.0  h8876d29_1           conda-forge        7MB\n",
            "  \u001b[32m+ tblite-python  \u001b[0m       0.5.0  py311h87a452e_0      conda-forge      118kB\n",
            "\n",
            "  Upgrade:\n",
            "──────────────────────────────────────────────────────────────────────────────\n",
            "\n",
            "  \u001b[31m- ca-certificates\u001b[0m  2024.12.14  hbcca054_0           conda-forge\u001b[32m     Cached\u001b[0m\n",
            "  \u001b[32m+ ca-certificates\u001b[0m  2025.11.12  hbd8a1cb_0           conda-forge      152kB\n",
            "  \u001b[31m- certifi        \u001b[0m  2024.12.14  pyhd8ed1ab_0         conda-forge\u001b[32m     Cached\u001b[0m\n",
            "  \u001b[32m+ certifi        \u001b[0m  2025.11.12  pyhd8ed1ab_0         conda-forge      157kB\n",
            "  \u001b[31m- libgcc         \u001b[0m      14.2.0  h77fa898_1           conda-forge\u001b[32m     Cached\u001b[0m\n",
            "  \u001b[32m+ libgcc         \u001b[0m      15.2.0  he0feb66_16          conda-forge        1MB\n",
            "  \u001b[31m- libgomp        \u001b[0m      14.2.0  h77fa898_1           conda-forge\u001b[32m     Cached\u001b[0m\n",
            "  \u001b[32m+ libgomp        \u001b[0m      15.2.0  he0feb66_16          conda-forge      603kB\n",
            "  \u001b[31m- libstdcxx      \u001b[0m      14.2.0  hc0a3c3a_1           conda-forge\u001b[32m     Cached\u001b[0m\n",
            "  \u001b[32m+ libstdcxx      \u001b[0m      15.2.0  h934c35e_16          conda-forge        6MB\n",
            "  \u001b[31m- libgcc-ng      \u001b[0m      14.2.0  h69a702a_1           conda-forge\u001b[32m     Cached\u001b[0m\n",
            "  \u001b[32m+ libgcc-ng      \u001b[0m      15.2.0  h69a702a_16          conda-forge       27kB\n",
            "  \u001b[31m- openssl        \u001b[0m       3.4.0  h7b32b05_1           conda-forge\u001b[32m     Cached\u001b[0m\n",
            "  \u001b[32m+ openssl        \u001b[0m       3.6.0  h26f9b46_0           conda-forge        3MB\n",
            "  \u001b[31m- libstdcxx-ng   \u001b[0m      14.2.0  h4852527_1           conda-forge\u001b[32m     Cached\u001b[0m\n",
            "  \u001b[32m+ libstdcxx-ng   \u001b[0m      15.2.0  hdf11a46_16          conda-forge       27kB\n",
            "\n",
            "  Summary:\n",
            "\n",
            "  Install: 15 packages\n",
            "  Upgrade: 8 packages\n",
            "\n",
            "  Total download: 39MB\n",
            "\n",
            "──────────────────────────────────────────────────────────────────────────────\n",
            "\n",
            "\n",
            "\u001b[?25l\u001b[2K\u001b[0G[+] 0.0s\n",
            "Downloading  (5)   0%\n",
            "Extracting         0%\u001b[2K\u001b[1A\u001b[2K\u001b[1A\u001b[2K\u001b[0Glibgomp                                            603.3kB @   6.4MB/s  0.1s\n",
            "[+] 0.1s\n",
            "Downloading  (5)   2%\n",
            "Extracting   (1)  ⣾  \u001b[2K\u001b[1A\u001b[2K\u001b[1A\u001b[2K\u001b[0Glibgfortran5                                         2.5MB @  22.4MB/s  0.1s\n",
            "ca-certificates                                    152.4kB @   1.3MB/s  0.1s\n",
            "certifi                                            157.1kB @   1.0MB/s  0.2s\n",
            "libgfortran                                         27.2kB @ 175.6kB/s  0.0s\n",
            "libgcc                                               1.0MB @   6.5MB/s  0.2s\n",
            "[+] 0.2s\n",
            "Downloading  (5)  13%\n",
            "Extracting   (5)  ⣾  \u001b[2K\u001b[1A\u001b[2K\u001b[1A\u001b[2K\u001b[0Glibstdcxx                                            5.9MB @  30.4MB/s  0.1s\n",
            "liblapack                                           18.2kB @  88.8kB/s  0.1s\n",
            "toml-f                                             451.9kB @   2.2MB/s  0.1s\n",
            "libcblas                                            18.2kB @  84.7kB/s  0.1s\n",
            "libblas                                             18.2kB @  75.6kB/s  0.0s\n",
            "libgcc-ng                                           27.3kB @ 112.6kB/s  0.0s\n",
            "dftd4                                              590.9kB @   2.4MB/s  0.1s\n",
            "openssl                                              3.2MB @  12.2MB/s  0.1s\n",
            "libstdcxx-ng                                        27.3kB @  99.0kB/s  0.0s\n",
            "multicharge                                        240.7kB @ 849.5kB/s  0.0s\n",
            "[+] 0.3s\n",
            "Downloading  (5)  40%\n",
            "Extracting  (14)  ⣾  \u001b[2K\u001b[1A\u001b[2K\u001b[1A\u001b[2K\u001b[0Gsimple-dftd3                                       865.2kB @   2.9MB/s  0.1s\n",
            "mctc-lib                                           788.9kB @   2.4MB/s  0.1s\n",
            "libopenblas                                          5.9MB @  17.7MB/s  0.1s\n",
            "jonquil                                            109.1kB @ 315.1kB/s  0.0s\n",
            "tblite-python                                      117.8kB @ 337.3kB/s  0.1s\n",
            "[+] 0.4s\n",
            "Downloading  (2)  61%\n",
            "Extracting  (16)  ⣾  \u001b[2K\u001b[1A\u001b[2K\u001b[1A\u001b[2K\u001b[0Gnumpy                                                9.5MB @  22.2MB/s  0.1s\n",
            "tblite                                               6.5MB @  14.9MB/s  0.2s\n",
            "[+] 0.5s\n",
            "Downloading      100%\n",
            "Extracting  (17)  ⣾  \u001b[2K\u001b[1A\u001b[2K\u001b[1A\u001b[2K\u001b[0G[+] 0.6s\n",
            "Downloading      100%\n",
            "Extracting  (14)  ⣾  \u001b[2K\u001b[1A\u001b[2K\u001b[1A\u001b[2K\u001b[0G[+] 0.7s\n",
            "Downloading      100%\n",
            "Extracting  (11)  ⣾  \u001b[2K\u001b[1A\u001b[2K\u001b[1A\u001b[2K\u001b[0G[+] 0.8s\n",
            "Downloading      100%\n",
            "Extracting  (10)  ⣾  \u001b[2K\u001b[1A\u001b[2K\u001b[1A\u001b[2K\u001b[0G[+] 0.9s\n",
            "Downloading      100%\n",
            "Extracting  (10)  ⣾  \u001b[2K\u001b[1A\u001b[2K\u001b[1A\u001b[2K\u001b[0G[+] 1.0s\n",
            "Downloading      100%\n",
            "Extracting  (10)  ⣾  \u001b[2K\u001b[1A\u001b[2K\u001b[1A\u001b[2K\u001b[0G[+] 1.1s\n",
            "Downloading      100%\n",
            "Extracting  (10)  ⣾  \u001b[2K\u001b[1A\u001b[2K\u001b[1A\u001b[2K\u001b[0G[+] 1.2s\n",
            "Downloading      100%\n",
            "Extracting   (8)  ⣾  \u001b[2K\u001b[1A\u001b[2K\u001b[1A\u001b[2K\u001b[0G[+] 1.3s\n",
            "Downloading      100%\n",
            "Extracting   (7)  ⣾  \u001b[2K\u001b[1A\u001b[2K\u001b[1A\u001b[2K\u001b[0G[+] 1.4s\n",
            "Downloading      100%\n",
            "Extracting   (6)  ⣾  \u001b[2K\u001b[1A\u001b[2K\u001b[1A\u001b[2K\u001b[0G[+] 1.5s\n",
            "Downloading      100%\n",
            "Extracting   (2)  ⣾  \u001b[2K\u001b[1A\u001b[2K\u001b[1A\u001b[2K\u001b[0G[+] 1.6s\n",
            "Downloading      100%\n",
            "Extracting       100%\u001b[2K\u001b[1A\u001b[2K\u001b[1A\u001b[2K\u001b[0G\u001b[?25h\n",
            "Downloading and Extracting Packages:\n",
            "\n",
            "Preparing transaction: - \b\bdone\n",
            "Verifying transaction: | \b\b/ \b\b- \b\bdone\n",
            "Executing transaction: | \b\b/ \b\b- \b\b\\ \b\b| \b\b/ \b\b- \b\b\\ \b\b| \b\b/ \b\b- \b\b\\ \b\b| \b\b/ \b\b- \b\bdone\n",
            "tblite version 0.5.0\n"
          ]
        }
      ]
    },
    {
      "cell_type": "code",
      "source": [
        "!git clone https://github.com/alejandrosantanabonilla/dimer_search.git\n",
        "%cd dimer_search\n",
        "!pip install .\n"
      ],
      "metadata": {
        "colab": {
          "base_uri": "https://localhost:8080/",
          "height": 1000
        },
        "id": "lTnka_spBrwT",
        "outputId": "58df6916-4721-48dd-8cc7-3b9b244b617f"
      },
      "execution_count": 3,
      "outputs": [
        {
          "output_type": "stream",
          "name": "stdout",
          "text": [
            "fatal: destination path 'dimer_search' already exists and is not an empty directory.\n",
            "/content/dimer_search\n",
            "Processing /content/dimer_search\n",
            "  Preparing metadata (setup.py) ... \u001b[?25l\u001b[?25hdone\n",
            "Requirement already satisfied: numpy in /usr/local/lib/python3.11/site-packages (from dimer-search==0.1.0) (2.3.5)\n",
            "Collecting rdkit (from dimer-search==0.1.0)\n",
            "  Downloading rdkit-2025.9.3-cp311-cp311-manylinux_2_28_x86_64.whl.metadata (4.2 kB)\n",
            "Collecting openbabel-wheel (from dimer-search==0.1.0)\n",
            "  Downloading openbabel_wheel-3.1.1.22-cp311-cp311-manylinux_2_17_x86_64.manylinux2014_x86_64.whl.metadata (20 kB)\n",
            "Collecting scipy (from dimer-search==0.1.0)\n",
            "  Downloading scipy-1.16.3-cp311-cp311-manylinux2014_x86_64.manylinux_2_17_x86_64.whl.metadata (62 kB)\n",
            "Collecting parmed (from dimer-search==0.1.0)\n",
            "  Using cached parmed-4.3.0.tar.gz (20.2 MB)\n",
            "  Preparing metadata (setup.py) ... \u001b[?25l\u001b[?25hdone\n",
            "Collecting ase (from dimer-search==0.1.0)\n",
            "  Using cached ase-3.26.0-py3-none-any.whl.metadata (4.1 kB)\n",
            "Collecting tblite==0.4.0 (from dimer-search==0.1.0)\n",
            "  Downloading tblite-0.4.0-cp311-cp311-manylinux_2_17_x86_64.manylinux2014_x86_64.whl.metadata (5.8 kB)\n",
            "Requirement already satisfied: wheel in /usr/local/lib/python3.11/site-packages (from dimer-search==0.1.0) (0.45.1)\n",
            "Requirement already satisfied: cffi in /usr/local/lib/python3.11/site-packages (from tblite==0.4.0->dimer-search==0.1.0) (1.17.1)\n",
            "Collecting matplotlib>=3.3.4 (from ase->dimer-search==0.1.0)\n",
            "  Downloading matplotlib-3.10.8-cp311-cp311-manylinux2014_x86_64.manylinux_2_17_x86_64.whl.metadata (52 kB)\n",
            "Collecting Pillow (from rdkit->dimer-search==0.1.0)\n",
            "  Downloading pillow-12.0.0-cp311-cp311-manylinux_2_27_x86_64.manylinux_2_28_x86_64.whl.metadata (8.8 kB)\n",
            "Collecting contourpy>=1.0.1 (from matplotlib>=3.3.4->ase->dimer-search==0.1.0)\n",
            "  Downloading contourpy-1.3.3-cp311-cp311-manylinux_2_27_x86_64.manylinux_2_28_x86_64.whl.metadata (5.5 kB)\n",
            "Collecting cycler>=0.10 (from matplotlib>=3.3.4->ase->dimer-search==0.1.0)\n",
            "  Downloading cycler-0.12.1-py3-none-any.whl.metadata (3.8 kB)\n",
            "Collecting fonttools>=4.22.0 (from matplotlib>=3.3.4->ase->dimer-search==0.1.0)\n",
            "  Downloading fonttools-4.61.1-cp311-cp311-manylinux2014_x86_64.manylinux_2_17_x86_64.whl.metadata (114 kB)\n",
            "Collecting kiwisolver>=1.3.1 (from matplotlib>=3.3.4->ase->dimer-search==0.1.0)\n",
            "  Downloading kiwisolver-1.4.9-cp311-cp311-manylinux2014_x86_64.manylinux_2_17_x86_64.whl.metadata (6.3 kB)\n",
            "Requirement already satisfied: packaging>=20.0 in /usr/local/lib/python3.11/site-packages (from matplotlib>=3.3.4->ase->dimer-search==0.1.0) (24.2)\n",
            "Collecting pyparsing>=3 (from matplotlib>=3.3.4->ase->dimer-search==0.1.0)\n",
            "  Downloading pyparsing-3.2.5-py3-none-any.whl.metadata (5.0 kB)\n",
            "Collecting python-dateutil>=2.7 (from matplotlib>=3.3.4->ase->dimer-search==0.1.0)\n",
            "  Downloading python_dateutil-2.9.0.post0-py2.py3-none-any.whl.metadata (8.4 kB)\n",
            "Requirement already satisfied: pycparser in /usr/local/lib/python3.11/site-packages (from cffi->tblite==0.4.0->dimer-search==0.1.0) (2.22)\n",
            "Collecting six>=1.5 (from python-dateutil>=2.7->matplotlib>=3.3.4->ase->dimer-search==0.1.0)\n",
            "  Downloading six-1.17.0-py2.py3-none-any.whl.metadata (1.7 kB)\n",
            "Downloading tblite-0.4.0-cp311-cp311-manylinux_2_17_x86_64.manylinux2014_x86_64.whl (5.7 MB)\n",
            "\u001b[2K   \u001b[90m━━━━━━━━━━━━━━━━━━━━━━━━━━━━━━━━━━━━━━━━\u001b[0m \u001b[32m5.7/5.7 MB\u001b[0m \u001b[31m3.7 MB/s\u001b[0m eta \u001b[36m0:00:00\u001b[0m\n",
            "\u001b[?25hUsing cached ase-3.26.0-py3-none-any.whl (2.9 MB)\n",
            "Downloading scipy-1.16.3-cp311-cp311-manylinux2014_x86_64.manylinux_2_17_x86_64.whl (35.9 MB)\n",
            "\u001b[2K   \u001b[90m━━━━━━━━━━━━━━━━━━━━━━━━━━━━━━━━━━━━━━━━\u001b[0m \u001b[32m35.9/35.9 MB\u001b[0m \u001b[31m72.3 MB/s\u001b[0m eta \u001b[36m0:00:00\u001b[0m\n",
            "\u001b[?25hDownloading openbabel_wheel-3.1.1.22-cp311-cp311-manylinux_2_17_x86_64.manylinux2014_x86_64.whl (16.1 MB)\n",
            "\u001b[2K   \u001b[90m━━━━━━━━━━━━━━━━━━━━━━━━━━━━━━━━━━━━━━━━\u001b[0m \u001b[32m16.1/16.1 MB\u001b[0m \u001b[31m114.9 MB/s\u001b[0m eta \u001b[36m0:00:00\u001b[0m\n",
            "\u001b[?25hDownloading rdkit-2025.9.3-cp311-cp311-manylinux_2_28_x86_64.whl (36.4 MB)\n",
            "\u001b[2K   \u001b[90m━━━━━━━━━━━━━━━━━━━━━━━━━━━━━━━━━━━━━━━━\u001b[0m \u001b[32m36.4/36.4 MB\u001b[0m \u001b[31m40.4 MB/s\u001b[0m eta \u001b[36m0:00:00\u001b[0m\n",
            "\u001b[?25hDownloading matplotlib-3.10.8-cp311-cp311-manylinux2014_x86_64.manylinux_2_17_x86_64.whl (8.7 MB)\n",
            "\u001b[2K   \u001b[90m━━━━━━━━━━━━━━━━━━━━━━━━━━━━━━━━━━━━━━━━\u001b[0m \u001b[32m8.7/8.7 MB\u001b[0m \u001b[31m133.1 MB/s\u001b[0m eta \u001b[36m0:00:00\u001b[0m\n",
            "\u001b[?25hDownloading pillow-12.0.0-cp311-cp311-manylinux_2_27_x86_64.manylinux_2_28_x86_64.whl (7.0 MB)\n",
            "\u001b[2K   \u001b[90m━━━━━━━━━━━━━━━━━━━━━━━━━━━━━━━━━━━━━━━━\u001b[0m \u001b[32m7.0/7.0 MB\u001b[0m \u001b[31m110.7 MB/s\u001b[0m eta \u001b[36m0:00:00\u001b[0m\n",
            "\u001b[?25hDownloading contourpy-1.3.3-cp311-cp311-manylinux_2_27_x86_64.manylinux_2_28_x86_64.whl (355 kB)\n",
            "Downloading cycler-0.12.1-py3-none-any.whl (8.3 kB)\n",
            "Downloading fonttools-4.61.1-cp311-cp311-manylinux2014_x86_64.manylinux_2_17_x86_64.whl (5.0 MB)\n",
            "\u001b[2K   \u001b[90m━━━━━━━━━━━━━━━━━━━━━━━━━━━━━━━━━━━━━━━━\u001b[0m \u001b[32m5.0/5.0 MB\u001b[0m \u001b[31m105.9 MB/s\u001b[0m eta \u001b[36m0:00:00\u001b[0m\n",
            "\u001b[?25hDownloading kiwisolver-1.4.9-cp311-cp311-manylinux2014_x86_64.manylinux_2_17_x86_64.whl (1.4 MB)\n",
            "\u001b[2K   \u001b[90m━━━━━━━━━━━━━━━━━━━━━━━━━━━━━━━━━━━━━━━━\u001b[0m \u001b[32m1.4/1.4 MB\u001b[0m \u001b[31m46.4 MB/s\u001b[0m eta \u001b[36m0:00:00\u001b[0m\n",
            "\u001b[?25hDownloading pyparsing-3.2.5-py3-none-any.whl (113 kB)\n",
            "Downloading python_dateutil-2.9.0.post0-py2.py3-none-any.whl (229 kB)\n",
            "Downloading six-1.17.0-py2.py3-none-any.whl (11 kB)\n",
            "Building wheels for collected packages: dimer-search, parmed\n",
            "  Building wheel for dimer-search (setup.py) ... \u001b[?25l\u001b[?25hdone\n",
            "  Created wheel for dimer-search: filename=dimer_search-0.1.0-py3-none-any.whl size=20895 sha256=09cc2fb1c0f1697a33fd4a630ffa3847c5a53be0610acb7432b04af51bf9e6dc\n",
            "  Stored in directory: /tmp/pip-ephem-wheel-cache-kmu9ynkp/wheels/4c/f6/26/5cb2ba13b1adfabcd30e179c47dad890fa11a49df5458cb0ac\n",
            "  Building wheel for parmed (setup.py) ... \u001b[?25l\u001b[?25hdone\n",
            "  Created wheel for parmed: filename=ParmEd-4.3.0-cp311-cp311-linux_x86_64.whl size=19201802 sha256=eb3ce4fbfceecdb8f3a9865b98f82fbb9fc98e15f3f3f1672f7d6ef00191c20d\n",
            "  Stored in directory: /root/.cache/pip/wheels/5d/5f/0a/e88e403aba1e99f00bdf228e123bbf9543a881e568079fc065\n",
            "Successfully built dimer-search parmed\n",
            "Installing collected packages: six, scipy, pyparsing, Pillow, parmed, openbabel-wheel, kiwisolver, fonttools, cycler, contourpy, tblite, rdkit, python-dateutil, matplotlib, ase, dimer-search\n",
            "  Attempting uninstall: tblite\n",
            "    Found existing installation: tblite 0.5.0\n",
            "    Uninstalling tblite-0.5.0:\n",
            "      Successfully uninstalled tblite-0.5.0\n",
            "Successfully installed Pillow-12.0.0 ase-3.26.0 contourpy-1.3.3 cycler-0.12.1 dimer-search-0.1.0 fonttools-4.61.1 kiwisolver-1.4.9 matplotlib-3.10.8 openbabel-wheel-3.1.1.22 parmed-4.3.0 pyparsing-3.2.5 python-dateutil-2.9.0.post0 rdkit-2025.9.3 scipy-1.16.3 six-1.17.0 tblite-0.4.0\n"
          ]
        },
        {
          "output_type": "display_data",
          "data": {
            "application/vnd.colab-display-data+json": {
              "pip_warning": {
                "packages": [
                  "cycler",
                  "dateutil",
                  "kiwisolver",
                  "matplotlib",
                  "mpl_toolkits",
                  "pyparsing",
                  "six"
                ]
              },
              "id": "247cb8b4b76d40deb0dafce8480ae498"
            }
          },
          "metadata": {}
        }
      ]
    },
    {
      "cell_type": "code",
      "source": [
        "import dimer_search"
      ],
      "metadata": {
        "colab": {
          "base_uri": "https://localhost:8080/"
        },
        "id": "c9hzD_-vCNej",
        "outputId": "f5726cdb-0772-4827-f1cc-bb077203816f"
      },
      "execution_count": 1,
      "outputs": [
        {
          "output_type": "stream",
          "name": "stderr",
          "text": [
            "INFO:dimer_search.utils:TBLite found and imported.\n",
            "WARNING:dimer_search.utils:Warning: tblite not found.\n"
          ]
        },
        {
          "output_type": "stream",
          "name": "stdout",
          "text": [
            "MHPlot found and imported.\n"
          ]
        }
      ]
    },
    {
      "cell_type": "code",
      "source": [
        "import os\n",
        "import shutil\n",
        "\n",
        "# 1. Find where tblite is actually hiding\n",
        "tblite_path = shutil.which(\"tblite\")\n",
        "\n",
        "if tblite_path:\n",
        "    print(f\"Found tblite at: {tblite_path}\")\n",
        "\n",
        "    # 2. Create a link to it in /usr/bin (the standard folder)\n",
        "    # This ensures any program looking for 'tblite' will find it.\n",
        "    !ln -sf {tblite_path} /usr/bin/tblite\n",
        "    print(\"✅ Created shortcut in /usr/bin/tblite\")\n",
        "else:\n",
        "    print(\"❌ Critical: tblite binary still not found. Did the conda install finish?\")"
      ],
      "metadata": {
        "colab": {
          "base_uri": "https://localhost:8080/"
        },
        "id": "60pjUbVBCpux",
        "outputId": "a34940df-d06b-43b1-9742-77b9e2fdc3e3"
      },
      "execution_count": 2,
      "outputs": [
        {
          "output_type": "stream",
          "name": "stdout",
          "text": [
            "Found tblite at: /usr/local/bin/tblite\n",
            "✅ Created shortcut in /usr/bin/tblite\n"
          ]
        }
      ]
    },
    {
      "cell_type": "code",
      "source": [
        "import numpy as np\n",
        "from dimer_search import *\n",
        "import glob\n",
        "import os\n",
        "from ase.build import molecule\n",
        "from ase.io import write, read\n",
        "from ase import Atoms\n",
        "\n",
        "print(\"Running MoleculeProcessor Example...\")\n",
        "\n",
        "yaw = np.deg2rad([0, 180])\n",
        "pitch = np.deg2rad([0, 180])\n",
        "roll = np.deg2rad([45, 0])\n",
        "\n",
        "translations = [\n",
        "    [5.0, 0.0, 0.0],\n",
        "    [0.0, 0.0, 0.0]\n",
        "]\n",
        "\n",
        "tblite_config = {\n",
        "    \"electronic_temperature\": 5500.0,\n",
        "    \"max_iterations\": 300,\n",
        "}\n",
        "\n",
        "mh_config = {\n",
        "    \"T0\": 1200.0,\n",
        "    \"Ediff0\": 0.6,\n",
        "    \"fmax\": 0.1\n",
        "}\n",
        "\n",
        "# --- Create the initial system (Two Water Molecules) ---\n",
        "# Create the first water molecule\n",
        "water1 = molecule('H2O')\n",
        "\n",
        "# Save the initial system to mol.xyz so the processor can read it\n",
        "input_filename = \"mol.xyz\"\n",
        "write(input_filename, water1)\n",
        "print(f\"Created initial system with {len(water1)} atoms and saved to '{input_filename}'.\")\n",
        "\n",
        "# --- Test Case 2: Process WITH relaxation (fresh start) ---\n",
        "print(\"\\n--- Test Case 2: With Relaxation (Fresh Start) ---\")\n",
        "# Clean up potential relaxation files from previous runs\n",
        "for f in ['minima.traj', 'qn*.traj', 'hop.log', 'relax_run_*.xyz', 'relax_run_*.png']:\n",
        "    for ff in glob.glob(f):\n",
        "        if os.path.exists(ff): os.remove(ff)\n",
        "\n",
        "# NOTE: If you get a \"NameError: MoleculeProcessor not defined\",\n",
        "# try changing the import at the top to:\n",
        "# from dimer_search.processor import MoleculeProcessor (or similar submodule)\n",
        "processor2 = MoleculeProcessor(input_file=\"mol.xyz\", output_file=\"initial_assembly_for_relax.xyz\")\n",
        "result2 = processor2.process_molecules(\n",
        "        yaw_rad=yaw, pitch_rad=pitch, roll_rad=roll, translation_vector=translations,\n",
        "        relax_molecule=True,                # Turn relaxation ON\n",
        "        restart_relax=False,                # Start fresh\n",
        "        totalsteps=5,                       # Short relaxation run\n",
        "        tblite_params=tblite_config,        # Pass tblite params\n",
        "        mh_params= mh_config,               # Pass MH params\n",
        "        output_filename_prefix=\"relax_run\"  # Prefix for relax outputs\n",
        "    )\n",
        "\n",
        "if result2:\n",
        "    print(\"Test Case 2 completed. Check 'initial_assembly_for_relax.xyz', 'relax_run_minima.xyz', etc.\")"
      ],
      "metadata": {
        "colab": {
          "base_uri": "https://localhost:8080/",
          "height": 1000
        },
        "id": "wfF5XUITDEdK",
        "outputId": "a9a658b8-985b-472f-fece-373f279b4e49"
      },
      "execution_count": 3,
      "outputs": [
        {
          "output_type": "stream",
          "name": "stdout",
          "text": [
            "Running MoleculeProcessor Example...\n",
            "Created initial system with 3 atoms and saved to 'mol.xyz'.\n",
            "\n",
            "--- Test Case 2: With Relaxation (Fresh Start) ---\n",
            "MoleculeProcessor initialized for input 'mol.xyz', output 'initial_assembly_for_relax.xyz'.\n",
            "\n",
            "=== Starting Molecule Processing ===\n",
            "Loading atoms from 'mol.xyz'...\n",
            "Successfully loaded 3 atoms.\n",
            "Aligning molecule and translating COM to origin...\n",
            "Warning: Could not compute or apply principal axes alignment: 'Atoms' object has no attribute 'get_inertia_tensor'\n",
            "Returning centered (but possibly not aligned) atoms.\n",
            "Creating 2 rotated and translated copies...\n",
            "Processing copy 1/2...\n",
            "Processing copy 2/2...\n",
            "Generated final assembly with 6 atoms.\n",
            "Writing initial generated structure to 'initial_assembly_for_relax.xyz'...\n",
            "Successfully wrote initial structure with 6 atoms.\n",
            "\n",
            "--- Relaxation Requested (restart=False) ---\n",
            "\n",
            "--- Starting relaxation from provided configuration (restart_calc=False) ---\n",
            "\n",
            "Initiating relaxation using atoms from: Provided to relax function\n",
            "Using TBLite parameters: {'method': 'GFN2-xTB', 'verbosity': 0, 'electronic_temperature': 5500.0, 'max_iterations': 300}\n",
            "Using MinimaHopping parameters: {'T0': 1200.0, 'beta1': 1.1, 'beta2': 1.1, 'beta3': 0.9090909090909091, 'Ediff0': 0.6, 'alpha1': 0.98, 'alpha2': 1.0204081632653061, 'mdmin': 2, 'logfile': 'hop.log', 'minima_threshold': 0.5, 'timestep': 1.0, 'minima_traj': 'minima.traj', 'fmax': 0.1}\n",
            "Total steps for this MinimaHopping run: 5\n",
            "3\n",
            "{'bond-orders': array([[0.00000000e+00, 9.21209684e-01, 9.19973358e-01, 1.24807824e-08,\n",
            "        2.36229381e-09, 3.11276031e-09],\n",
            "       [9.21209684e-01, 0.00000000e+00, 4.23368688e-04, 3.11276031e-09,\n",
            "        2.71293198e-10, 5.29824275e-09],\n",
            "       [9.19973358e-01, 4.23368688e-04, 0.00000000e+00, 2.36229381e-09,\n",
            "        5.55145045e-10, 2.71293198e-10],\n",
            "       [1.24807824e-08, 3.11276031e-09, 2.36229381e-09, 0.00000000e+00,\n",
            "        9.19973358e-01, 9.21209684e-01],\n",
            "       [2.36229381e-09, 2.71293198e-10, 5.55145045e-10, 9.19973358e-01,\n",
            "        0.00000000e+00, 4.23368688e-04],\n",
            "       [3.11276031e-09, 5.29824275e-09, 2.71293198e-10, 9.21209684e-01,\n",
            "        4.23368688e-04, 0.00000000e+00]])}\n",
            "{'bond-orders': array([[0.00000000e+00, 9.21209684e-01, 9.19973358e-01, 1.24807824e-08,\n",
            "        2.36229381e-09, 3.11276031e-09],\n",
            "       [9.21209684e-01, 0.00000000e+00, 4.23368688e-04, 3.11276031e-09,\n",
            "        2.71293198e-10, 5.29824275e-09],\n",
            "       [9.19973358e-01, 4.23368688e-04, 0.00000000e+00, 2.36229381e-09,\n",
            "        5.55145045e-10, 2.71293198e-10],\n",
            "       [1.24807824e-08, 3.11276031e-09, 2.36229381e-09, 0.00000000e+00,\n",
            "        9.19973358e-01, 9.21209684e-01],\n",
            "       [2.36229381e-09, 2.71293198e-10, 5.55145045e-10, 9.19973358e-01,\n",
            "        0.00000000e+00, 4.23368688e-04],\n",
            "       [3.11276031e-09, 5.29824275e-09, 2.71293198e-10, 9.21209684e-01,\n",
            "        4.23368688e-04, 0.00000000e+00]]), 'molecular-dipole': array([1.10664751e-11, 6.31344080e-01, 2.61511281e-01])}\n",
            "{'bond-orders': array([[0.00000000e+00, 9.21209684e-01, 9.19973358e-01, 1.24807824e-08,\n",
            "        2.36229381e-09, 3.11276031e-09],\n",
            "       [9.21209684e-01, 0.00000000e+00, 4.23368688e-04, 3.11276031e-09,\n",
            "        2.71293198e-10, 5.29824275e-09],\n",
            "       [9.19973358e-01, 4.23368688e-04, 0.00000000e+00, 2.36229381e-09,\n",
            "        5.55145045e-10, 2.71293198e-10],\n",
            "       [1.24807824e-08, 3.11276031e-09, 2.36229381e-09, 0.00000000e+00,\n",
            "        9.19973358e-01, 9.21209684e-01],\n",
            "       [2.36229381e-09, 2.71293198e-10, 5.55145045e-10, 9.19973358e-01,\n",
            "        0.00000000e+00, 4.23368688e-04],\n",
            "       [3.11276031e-09, 5.29824275e-09, 2.71293198e-10, 9.21209684e-01,\n",
            "        4.23368688e-04, 0.00000000e+00]]), 'molecular-dipole': array([1.10664751e-11, 6.31344080e-01, 2.61511281e-01]), 'molecular-quadrupole': array([ -2.72587533,  17.99155194,   2.01552814, -18.12666718,\n",
            "         1.22379776,   0.71034719])}\n",
            "3\n",
            "{'bond-orders': array([[0.00000000e+00, 9.15207939e-01, 9.14314477e-01, 9.74764700e-09,\n",
            "        2.03637672e-09, 2.83247082e-09],\n",
            "       [9.15207939e-01, 0.00000000e+00, 5.41528174e-05, 2.83247082e-09,\n",
            "        2.10088030e-10, 3.81232525e-09],\n",
            "       [9.14314477e-01, 5.41528174e-05, 0.00000000e+00, 2.03637672e-09,\n",
            "        5.00754875e-10, 2.10088030e-10],\n",
            "       [9.74764700e-09, 2.83247082e-09, 2.03637672e-09, 0.00000000e+00,\n",
            "        9.14314477e-01, 9.15207939e-01],\n",
            "       [2.03637672e-09, 2.10088030e-10, 5.00754875e-10, 9.14314477e-01,\n",
            "        0.00000000e+00, 5.41528174e-05],\n",
            "       [2.83247082e-09, 3.81232525e-09, 2.10088030e-10, 9.15207939e-01,\n",
            "        5.41528174e-05, 0.00000000e+00]])}\n",
            "{'bond-orders': array([[0.00000000e+00, 9.15207939e-01, 9.14314477e-01, 9.74764700e-09,\n",
            "        2.03637672e-09, 2.83247082e-09],\n",
            "       [9.15207939e-01, 0.00000000e+00, 5.41528174e-05, 2.83247082e-09,\n",
            "        2.10088030e-10, 3.81232525e-09],\n",
            "       [9.14314477e-01, 5.41528174e-05, 0.00000000e+00, 2.03637672e-09,\n",
            "        5.00754875e-10, 2.10088030e-10],\n",
            "       [9.74764700e-09, 2.83247082e-09, 2.03637672e-09, 0.00000000e+00,\n",
            "        9.14314477e-01, 9.15207939e-01],\n",
            "       [2.03637672e-09, 2.10088030e-10, 5.00754875e-10, 9.14314477e-01,\n",
            "        0.00000000e+00, 5.41528174e-05],\n",
            "       [2.83247082e-09, 3.81232525e-09, 2.10088030e-10, 9.15207939e-01,\n",
            "        5.41528174e-05, 0.00000000e+00]]), 'molecular-dipole': array([1.12476264e-08, 5.59036403e-01, 2.31560460e-01])}\n",
            "{'bond-orders': array([[0.00000000e+00, 9.15207939e-01, 9.14314477e-01, 9.74764700e-09,\n",
            "        2.03637672e-09, 2.83247082e-09],\n",
            "       [9.15207939e-01, 0.00000000e+00, 5.41528174e-05, 2.83247082e-09,\n",
            "        2.10088030e-10, 3.81232525e-09],\n",
            "       [9.14314477e-01, 5.41528174e-05, 0.00000000e+00, 2.03637672e-09,\n",
            "        5.00754875e-10, 2.10088030e-10],\n",
            "       [9.74764700e-09, 2.83247082e-09, 2.03637672e-09, 0.00000000e+00,\n",
            "        9.14314477e-01, 9.15207939e-01],\n",
            "       [2.03637672e-09, 2.10088030e-10, 5.00754875e-10, 9.14314477e-01,\n",
            "        0.00000000e+00, 5.41528174e-05],\n",
            "       [2.83247082e-09, 3.81232525e-09, 2.10088030e-10, 9.15207939e-01,\n",
            "        5.41528174e-05, 0.00000000e+00]]), 'molecular-dipole': array([1.12476264e-08, 5.59036403e-01, 2.31560460e-01]), 'molecular-quadrupole': array([ -2.7027368 ,  15.96269104,   2.08188803, -16.12717198,\n",
            "         1.34833885,   0.62084877])}\n"
          ]
        },
        {
          "output_type": "stream",
          "name": "stderr",
          "text": [
            "/usr/local/lib/python3.12/dist-packages/dimer_search/utils.py:141: FutureWarning: Please use atoms.calc = calc\n",
            "  atoms_to_run.set_calculator(calculator)\n"
          ]
        },
        {
          "output_type": "stream",
          "name": "stdout",
          "text": [
            "3\n",
            "{'bond-orders': array([[0.00000000e+00, 9.20561359e-01, 9.19369116e-01, 1.20797890e-08,\n",
            "        2.31107156e-09, 3.07378894e-09],\n",
            "       [9.20561359e-01, 0.00000000e+00, 2.83847591e-04, 3.07378894e-09,\n",
            "        2.63898547e-10, 5.07800742e-09],\n",
            "       [9.19369116e-01, 2.83847591e-04, 0.00000000e+00, 2.31107156e-09,\n",
            "        5.49206319e-10, 2.63898547e-10],\n",
            "       [1.20797890e-08, 3.07378894e-09, 2.31107156e-09, 0.00000000e+00,\n",
            "        9.19369116e-01, 9.20561359e-01],\n",
            "       [2.31107156e-09, 2.63898547e-10, 5.49206319e-10, 9.19369116e-01,\n",
            "        0.00000000e+00, 2.83847591e-04],\n",
            "       [3.07378894e-09, 5.07800742e-09, 2.63898547e-10, 9.20561359e-01,\n",
            "        2.83847591e-04, 0.00000000e+00]])}\n",
            "{'bond-orders': array([[0.00000000e+00, 9.20561359e-01, 9.19369116e-01, 1.20797890e-08,\n",
            "        2.31107156e-09, 3.07378894e-09],\n",
            "       [9.20561359e-01, 0.00000000e+00, 2.83847591e-04, 3.07378894e-09,\n",
            "        2.63898547e-10, 5.07800742e-09],\n",
            "       [9.19369116e-01, 2.83847591e-04, 0.00000000e+00, 2.31107156e-09,\n",
            "        5.49206319e-10, 2.63898547e-10],\n",
            "       [1.20797890e-08, 3.07378894e-09, 2.31107156e-09, 0.00000000e+00,\n",
            "        9.19369116e-01, 9.20561359e-01],\n",
            "       [2.31107156e-09, 2.63898547e-10, 5.49206319e-10, 9.19369116e-01,\n",
            "        0.00000000e+00, 2.83847591e-04],\n",
            "       [3.07378894e-09, 5.07800742e-09, 2.63898547e-10, 9.20561359e-01,\n",
            "        2.83847591e-04, 0.00000000e+00]]), 'molecular-dipole': array([1.19368853e-07, 6.22742910e-01, 2.57948559e-01])}\n",
            "{'bond-orders': array([[0.00000000e+00, 9.20561359e-01, 9.19369116e-01, 1.20797890e-08,\n",
            "        2.31107156e-09, 3.07378894e-09],\n",
            "       [9.20561359e-01, 0.00000000e+00, 2.83847591e-04, 3.07378894e-09,\n",
            "        2.63898547e-10, 5.07800742e-09],\n",
            "       [9.19369116e-01, 2.83847591e-04, 0.00000000e+00, 2.31107156e-09,\n",
            "        5.49206319e-10, 2.63898547e-10],\n",
            "       [1.20797890e-08, 3.07378894e-09, 2.31107156e-09, 0.00000000e+00,\n",
            "        9.19369116e-01, 9.20561359e-01],\n",
            "       [2.31107156e-09, 2.63898547e-10, 5.49206319e-10, 9.19369116e-01,\n",
            "        0.00000000e+00, 2.83847591e-04],\n",
            "       [3.07378894e-09, 5.07800742e-09, 2.63898547e-10, 9.20561359e-01,\n",
            "        2.83847591e-04, 0.00000000e+00]]), 'molecular-dipole': array([1.19368853e-07, 6.22742910e-01, 2.57948559e-01]), 'molecular-quadrupole': array([ -2.72214296,  17.75007127,   2.0238218 , -17.88847764,\n",
            "         1.24115815,   0.69832116])}\n",
            "3\n",
            "{'bond-orders': array([[0.00000000e+00, 9.20525299e-01, 9.19309180e-01, 1.25842201e-08,\n",
            "        2.42463261e-09, 3.26668047e-09],\n",
            "       [9.20525299e-01, 0.00000000e+00, 1.24674705e-05, 3.26668047e-09,\n",
            "        2.78039289e-10, 5.41765991e-09],\n",
            "       [9.19309180e-01, 1.24674705e-05, 0.00000000e+00, 2.42463261e-09,\n",
            "        6.19284366e-10, 2.78039289e-10],\n",
            "       [1.25842201e-08, 3.26668047e-09, 2.42463261e-09, 0.00000000e+00,\n",
            "        9.19309180e-01, 9.20525299e-01],\n",
            "       [2.42463261e-09, 2.78039289e-10, 6.19284366e-10, 9.19309180e-01,\n",
            "        0.00000000e+00, 1.24674705e-05],\n",
